camera (0 -10 10) (0 0 0) (0 1 0) 50
rays 10 100

# the spheres
sphere (-10005 0 5000) 10000 (1 1 1) true
sphere (0 0 -100) 100 (1 1 1) false
sphere (-2.1 -2.1 1) 1 (0.4206804511332034 0.8314032127583647 0.44885141149004093) false
sphere (0 -2.1 1) 1 (0.6649874227066247 0.5530768882337362 0.9178630117829767) false
sphere (2.1 -2.1 1) 1 (0.677524612228747 0.5971743733335827 0.5312718625313811) false
sphere (-2.1 0 1) 1 (0.8158614357975864 0.09086230371883008 0.621223507259448) false
sphere (0 0 1) 1 (1 1 1) true
sphere (2.1 0 1) 1 (0.49294688363406924 0.18107931925156018 0.5427925430370226) false
sphere (-2.1 2.1 1) 1 (0.6059865860447875 0.14797000852114728 0.1545920941939819) false
sphere (0 2.1 1) 1 (0.050297944562706864 0.8780773955048002 0.3239633260808491) false
sphere (2.1 2.1 1) 1 (0.3443102401848608 0.1408080366177571 0.20779058857051025) false
#sphere (-2.1 2.1 1) 1 (0.5 1 0) false
#sphere (0 2.1 1) 1 (1 0.5 1) true
#sphere (2.1 2.1 1) 1 (0 1 1) false
#sphere (-2.1 0 1) 1 (0 1 1) true

pixels 1280 720
output test.png